pos_x_1m_normalized	pos_y_1m_normalized	blink_bool	pupil_diameter_100nm	interesting_point_value
				
				
				
				
443279	565765	1	246049	0
443152	564398	1	246286	0
443397	564329	1	243306	0
442922	565003	1	243459	0
442461	565993	1	242206	0
442091	566037	1	246019	0
442130	566542	1	245497	0
442398	566605	1	246121	0
442319	566407	1	246085	0
442273	566334	1	244139	0
439295	566079	1	248584	0
436809	565636	1	254053	0
434409	564602	1	257985	0
432105	564369	1	256723	0
430035	563869	1	260087	0
427641	563150	1	262847	0
424708	560224	1	260829	0
421771	556555	1	263545	0
419016	552932	1	268402	0
416242	548874	1	264909	0
413707	544984	1	263963	0
411577	541460	1	264124	0
409422	537776	1	260071	0
407385	534401	1	259028	0
405982	530833	1	260094	0
404301	527568	1	256812	0
402252	524700	1	252717	0
400706	521459	1	252246	0
399083	518627	1	251642	0
397505	515670	1	247708	0
396156	513031	1	246007	0
394724	510599	1	250674	0
393226	508375	1	250399	0
392011	505818	1	250244	0
392907	503089	1	250644	0
394338	499438	1	253947	0
395566	496350	1	251698	0
396955	493914	1	248757	0
397910	491167	1	251510	0
399025	488319	1	250294	0
400418	486178	1	254177	0
401826	484286	1	253300	0
403582	482316	1	249523	0
404644	481030	1	252874	0
405998	479638	1	252304	0
407238	478591	1	252864	0
407974	477793	1	251633	0
409006	477125	1	250087	0
410030	476595	1	249404	0
410289	475882	1	252142	0
408668	476422	1	255508	0
406848	477033	1	252784	0
404839	477782	1	253629	0
402875	478737	1	252985	0
401198	479252	1	255929	0
399280	480011	1	254154	0
397476	480890	1	254600	0
395683	481737	1	255664	0
393397	482842	1	256503	0
391323	483836	1	255784	0
388231	484036	1	255390	0
385208	483879	1	252332	0
382659	483382	1	253773	0
379996	483049	1	256986	0
377672	483017	1	256581	0
375333	481745	1	259115	0
373283	481615	1	255128	0
371302	481653	1	254716	0
369813	481030	1	256959	0
368390	480796	1	257558	0
367064	480781	1	257926	0
365357	480389	1	260422	0
364390	480400	1	253239	0
363215	480174	1	254792	0
362402	479748	1	250533	0
362014	479583	1	250567	0
361896	479077	1	248570	0
361802	478722	1	247639	0
361459	478456	1	244875	0
361165	478165	1	246655	0
360886	477901	1	246481	0
360686	477785	1	250296	0
361021	477703	1	250822	0
361227	477368	1	252048	0
361369	477054	1	254863	0
361523	476728	1	255375	0
361630	477134	1	254862	0
361941	476908	1	257565	0
362181	477335	1	257646	0
362649	477312	1	259855	0
362504	477869	1	258795	0
362902	477787	1	260241	0
362653	477944	1	259196	0
362409	478096	1	263217	0
362418	478178	1	260613	0
362140	478208	1	263680	0
362218	478619	1	265933	0
362082	479171	1	264608	0
362045	479845	1	267598	0
362258	479926	1	269714	0
362489	480179	1	267943	0
362167	480367	1	271871	0
362426	480717	1	268516	0
363822	481201	1	268381	0
365081	481336	1	265954	0
366417	481295	1	264404	0
367976	481177	1	262487	0
369287	481317	1	259737	0
370554	481348	1	257552	0
371613	481096	1	255560	0
372856	481404	1	257035	0
373543	481804	1	257341	0
372676	482697	1	263731	0
371684	483497	1	263120	0
370280	483894	1	263154	0
369157	484747	1	264520	0
367995	484405	1	264982	0
367030	484907	1	265030	0
365680	485211	1	262453	0
364577	485448	1	265885	0
365111	485716	1	263992	0
366945	485198	1	265594	0
368821	484968	1	260929	0
370929	484326	1	263013	0
372894	483607	1	262824	0
374653	483357	1	262408	0
376799	482663	1	261924	0
378556	482531	1	265303	0
380096	482213	1	259855	0
381220	482449	1	260919	0
382640	482248	1	261146	0
384145	481569	1	260640	0
385184	481393	1	266355	0
386543	481337	1	263810	0
387713	480646	1	264735	0
388778	480349	1	262723	0
390142	479847	1	264066	0
391239	479844	1	264323	0
392469	480269	1	263953	0
393505	480790	1	264281	0
394600	481213	1	264002	0
395624	481151	1	266494	0
396498	481074	1	271237	0
397124	481531	1	269593	0
397921	481554	1	270430	0
397895	482033	1	272102	0
398034	482075	1	272282	0
398130	482265	1	269279	0
397769	481840	1	273075	0
396241	479414	1	271294	0
395020	476812	1	271590	0
393406	474417	1	269948	0
392111	472259	1	268621	0
390277	468385	1	269487	0
388180	463129	1	268507	0
386399	458075	1	268413	0
382754	454064	1	265834	0
269240	410489	1	263516	0
226198	512918	1	258490	0
122114	717284	0	255846	0
0	0	0	253311	0
0	0	0	250165	0
0	0	0	125860	0
189471	267651	0	250618	0
0	0	0	248243	0
0	0	0	246491	0
-30586	969405	0	241713	0
-161818	1419919	0	236282	0
0	0	0	232132	0
340898	-205637	0	226396	0
336604	-200667	0	225564	0
195688	534841	1	222442	0
262700	487629	1	235076	0
318582	452606	1	210076	0
363510	408338	1	225926	0
556731	140533	1	223368	0
559214	127935	1	224183	0
562414	129353	1	223184	0
563397	126184	1	225840	0
564102	123511	1	227227	0
564743	122172	1	224087	0
565256	123653	1	225088	0
566019	124609	1	231577	0
566877	125541	1	231996	0
567768	124778	1	230741	0
569574	123885	1	231501	0
571163	124172	1	231031	0
572956	123390	1	230890	0
574636	124910	1	231265	0
576149	125825	1	230286	0
578079	125356	1	232396	0
580139	124837	1	230739	0
582890	124209	1	226631	1
585337	121895	1	230129	0
588157	118437	1	226670	0
590841	115199	1	231122	0
365346	371241	1	240670	0
306448	393068	1	242203	0
308866	402250	1	239840	0
305389	405028	1	250966	0
304266	407079	1	249301	0
304594	407554	1	250606	0
305521	409162	1	248287	0
305884	410301	1	248768	0
306502	411185	1	250902	0
306512	412408	1	257269	0
307173	413212	1	258462	0
306823	414119	1	258315	0
307035	414778	1	260750	0
307876	415671	1	262002	0
308677	416256	1	266946	0
308723	416693	1	262224	0
308753	416934	1	266834	0
308730	417493	1	262608	0
308992	418025	1	266279	0
309248	418855	1	261649	0
309570	418885	1	262345	0
309675	419311	1	261277	0
309715	419683	1	260261	0
309812	419713	1	262698	0
310075	420168	1	259866	0
310274	420434	1	260359	0
310997	420639	1	261632	0
311899	420448	1	262471	0
312708	420731	1	265044	0
313528	421141	1	266890	0
314222	421146	1	267264	0
314898	420931	1	268417	0
315756	421288	1	267136	0
316406	421339	1	268168	0
317116	421040	1	269436	0
317642	421397	1	272512	0
318518	421551	1	271494	0
319444	421277	1	270275	0
320430	421376	1	268570	0
321347	421270	1	270399	0
322357	421109	1	268988	0
323286	421060	1	268664	0
324023	421187	1	273856	0
324305	420988	1	273833	0
325208	421291	1	273316	0
325649	421710	1	272205	0
326191	421813	1	272404	0
327019	421613	1	278567	0
327425	421526	1	278847	0
327840	421725	1	276796	0
328211	421992	1	279421	0
328589	422379	1	275601	0
328499	423098	1	277166	0
328834	423068	1	281396	0
328846	423203	1	282354	0
329017	423938	1	282381	0
329527	424274	1	282045	0
329728	424026	1	283922	0
329741	424247	1	285554	0
329990	424663	1	285498	0
330169	424900	1	287248	0
330188	425067	1	290469	0
330456	425217	1	288396	0
330209	425729	1	285171	1
330460	426063	1	285158	0
330485	426592	1	289734	0
330856	426316	1	287201	0
330910	426394	1	287066	0
330897	426271	1	286202	0
331012	426584	1	286602	0
331264	426388	1	284975	0
331180	426863	1	284038	0
331076	427039	1	287340	0
332691	427057	1	286247	0
333767	426781	1	288694	0
335422	426314	1	288983	0
337195	426283	1	288629	0
339163	426062	1	286378	0
340638	425767	1	285992	0
342421	425650	1	290683	0
343757	425746	1	284188	0
345051	425515	1	287392	0
346205	425495	1	286957	0
347257	425645	1	290319	0
348769	425595	1	288063	0
350020	424651	1	285416	0
351054	424672	1	291339	0
351783	424473	1	290563	0
352565	424411	1	290760	0
352824	424096	1	291573	0
353075	423769	1	291887	0
353403	423767	1	292228	0
354085	423423	1	292963	0
354584	423517	1	291720	0
354908	423493	1	294128	0
355316	423627	1	292953	0
355851	423250	1	293561	0
355967	423715	1	292393	0
356202	423830	1	292535	0
356491	424402	1	292775	0
356442	424576	1	292551	0
356586	425031	1	289565	0
356475	424992	1	291752	0
356946	425274	1	291718	0
356836	425475	1	294596	0
357001	425476	1	293892	0
357338	425801	1	291672	0
357679	426169	1	290625	0
358043	426802	1	294558	0
358141	427105	1	294318	0
358283	426980	1	295078	0
358395	427086	1	295050	0
358451	427237	1	301170	0
358985	427578	1	305744	0
357963	425246	1	326580	0
358289	425967	1	312041	0
360470	426767	1	289702	0
363232	430927	1	275536	0
367357	433210	1	288759	0
371983	434120	1	293577	0
376317	434931	1	293930	0
380354	434553	1	301183	0
459558	359465	0	281649	0
-1	-1	-1	-1	0
395846	-303553	0	134826	0
409047	-334492	0	120725	0
0	0	0	0	0
-1	-1	-1	-1	0
0	0	0	0	0
426414	-1280	0	108999	0
437070	146152	0	114503	0
-1	-1	-1	-1	0
441116	249203	0	106904	0
0	0	0	112863	0
0	0	0	62890	0
0	0	0	67241	0
-1	-1	-1	-1	0
459698	667244	0	105052	0
-1	-1	-1	-1	0
-1	-1	-1	-1	0
0	0	0	0	0
470826	615959	0	110405	0
-1	-1	-1	-1	0
462603	605890	0	114812	0
-1	-1	-1	-1	0
463148	597192	0	117897	0
461332	593950	0	115389	0
-1	-1	-1	-1	0
-1	-1	-1	-1	0
460399	598157	0	113750	0
-1	-1	-1	-1	0
462303	601204	1	246668	0
462349	586799	0	124711	0
470245	576390	0	129965	0
